642.5
613
580
562
558.5
552.5
526.5
514
508.5
478
465
613
609.5
562
546
541.5
539
524
504
495
494
428.5
644
620
572.5
552
546
543
518.5
512.5
500
489
461.5
632
620
576
569
557
555
538
522
500
497.5
487
671
632
580
563
556
546
522.5
501
471
469
458
648
621
546
541
511.5
508.5
505.5
496.5
483.5
476.5
471
620
610
601
562
545.5
523.5
512.5
509
499
463.5
438
639
609
592
572.5
556.5
534.5
523
519
510.5
503.5
453.5
644
578
573
569
558
540.5
539
510
496.5
441.5
436.5
580
567
560
559
554.5
531
525
518.5
496
475.5
454
671
647
595.5
560
553
549
516
482.5
479.5
475
450.5
609.5
600
570
557
556
554
524.5
502.5
493.5
481.5
466.5
608
585.5
584
562
558.5
548.5
543.5
523
510.5
496
495
594
585
571.5
567
562
556
541
511.5
505.5
503.5
458.5
646
585
566
560
555
548
526
519
492.5
489.5
451.5
659
646
580
576
555
510.5
499
493.5
489
450.5
445.5
579.5
577.5
561.5
550
539
528
520.5
520.5
501.5
476.5
472
642.5
604
585
578
562
540.5
521.5
514.5
499
475.5
455
605
604.5
565
558
554
547
534
524.5
508
454
442.5
624
602.5
585
574
527
526
507.5
487.5
477
469.5
454
624
589
568
559
539
528
523
505
493
482.5
481.5
630
589
588
552.5
548
531
526.5
507
495
481.5
472.5
618.5
608
588.5
538
535
532.5
514
487
483.5
431.5
429
592
580.5
578
562
540
528.5
514
495.5
487
482.5
464
623
600
573
556
537.5
521
504
493.5
488
483.5
476.5
678
608
578
551
532
508
494.5
491.5
459.5
436.5
409.5
680
621
535
529.5
522
514.5
505
503
499
497.5
483
566
552
538
536
529
522
512.5
510.5
483.5
476
458.5
608
601
581
564
560
558.5
534.5
519.5
498.5
486.5
437
604
601
563.5
563
559.5
556.5
540
519.5
483
439
425
632
622
583.5
580.5
567
543
541
535
526.5
524
502
604
597
560
559
527.5
518.5
507
504
496.5
493.5
486.5
594
578
563
561
543.5
543
503.5
494
487.5
463.5
463
624
587
572
552.5
539.5
519.5
511.5
502
502
487
445.5
643
607.5
591.5
571
570
552
541.5
503.5
493
492
469.5
580
580
556.5
543
540
536
534.5
524.5
522
470
469.5
664
558
556
552.5
551
548
520.5
514
499.5
429
423
566
562
556.5
540.5
531
523
511
504.5
498.5
473.5
434
605
580
579
562
560
556.5
550.5
514
503.5
487.5
451.5
601
593
581
568
556.5
540.5
530
515
511
507
502.5
609
608
572.5
570.5
568
561
527
517.5
508
504
496.5
624
601
564
558
545.5
533.5
504
495
470.5
458.5
445.5
632
619
603
566
556
542
536
536
502
498
493
678
601
572.5
562
555.5
549
548
547
485
469
455
646
585
531
525.5
522
522
520.5
514.5
494.5
476.5
445.5
622
607.5
594
561.5
528.5
522
511.5
510
499.5
480.5
480
588.5
575.5
564
556
554
535
530
495.5
491.5
459
431.5
601
588.5
581
560
543.5
519.5
508
503
502.5
481.5
450.5
608
561.5
561
541
527.5
524
521
513.5
505.5
455.5
441.5
624
604
562
558
554
545.5
545
531.5
520
497.5
495
601
599
596
592.5
560
511.5
511
502.5
490.5
482
471
637
613
610.5
574
538
514
491
490
467.5
465.5
464.5
578
564
526
524.5
511.5
501.5
485.5
483.5
482.5
482.5
462.5
624
606
579
568.5
560
519
513.5
507
497.5
474.5
425.5
632
585.5
576
569
569
568.5
534.5
524.5
512.5
483
445
623
592
578
548.5
529.5
520
514
513.5
496.5
493
464.5
599
599
578.5
556
533
528.5
521
508.5
496.5
457.5
409.5
627
569
552
543.5
539
535.5
534.5
532
526
485.5
480.5
580
574
562
552.5
539.5
530.5
509
485
482.5
471
439
624.5
612
596
560.5
560
533
505.5
486
478.5
465
457.5
589.5
588.5
564
564
545.5
532.5
527.5
527
489
468
450.5
578.5
569
558
552.5
551
547
544
518
517.5
505.5
484
615.5
585.5
563
562
554
535.5
515
515
491.5
484
478
610
609
582
547
543.5
531.5
529.5
496.5
491
477.5
464
622
586
559.5
556
550
547
527.5
512
498.5
486.5
478.5
583.5
573
573
562.5
551
534
524.5
523
519.5
499.5
486.5
604.5
596.5
580
579.5
570
558
556
550
545.5
536.5
423
592
572.5
559.5
559.5
542
534
528.5
527.5
486
469.5
458
589
561.5
559.5
546
541.5
536
519
515
514.5
502.5
464.5
608
600
576
555
541
530
530
527.5
486.5
462
426
642.5
610
594
555
543
542
535
518
514.5
487.5
466.5
658.5
622
580.5
575.5
539
502
498.5
492
490
469
451.5
614
551
539.5
534.5
528
527.5
519
478
476
457.5
450.5
607
572.5
563
559.5
544.5
542
534.5
520.5
515
490
404
601
579.5
569
568
554
545.5
530
528
511.5
470
463
606
584
570
536.5
528
525
520
508.5
482.5
448.5
433
614
600
575.5
563
538.5
535
531
523.5
496.5
482.5
469.5
607
589
570
536.5
530
521
490
490
486.5
435.5
401.5
594.5
558.5
551.5
547.5
540
538
530
512.5
503
492.5
442.5
649.5
598
591.5
578
562
540
535
529
523.5
515.5
470.5
642.5
581
563
556.5
551
538.5
537
535
531.5
491.5
470
592.5
580.5
571
555
551.5
530.5
527.5
518
495
494.5
493
596.5
589.5
589
580.5
573.5
573
571
536
521.5
491.5
476
620
568.5
558
556.5
550
541.5
519
507
505.5
503
419.5
616
595
556.5
547.5
527
521
506
505
503.5
482.5
451.5
642.5
608
573
555
547
534.5
534
521.5
495
470
404
598
579.5
576
575.5
560
540
531
514.5
497
487.5
478
654
589
573
552.5
548
524.5
521.5
498
493
486.5
455.5
642.5
633
576
575.5
536
521.5
521
511.5
510
488
464.5
600
589
565
550
541
525.5
522.5
510
502
482.5
469.5
630
600
576
572.5
565
552.5
544.5
505.5
487.5
478.5
448
611
580
572
543
536
521
514.5
512
464
461
407
642.5
551.5
546
536.5
530.5
529
519
509
504.5
478
454
647.5
592
568
547
541.5
540
528
527
526.5
489
403.5
616
581
577.5
565
556
550
520.5
506
483.5
469.5
461
616
611
582.5
556.5
555
542
527
522
514.5
442
439.5
612
576
571
571
566
541.5
535
528.5
512.5
503.5
455.5
606
551
543.5
540.5
520.5
518.5
511.5
507
490
478
465
617
595
577.5
572.5
552
550.5
539
538.5
535
500.5
447
648.5
598
587
572.5
560.5
547.5
539
532
509.5
497
453
608.5
601
588.5
539
519
516
507.5
498.5
489.5
483
439
590
584
551.5
550
543
530.5
511
498.5
498.5
476
432.5
607.5
596
589.5
572
564
538
529.5
527.5
508.5
466
433
620
584.5
575.5
565
558
540
527.5
522
490
471.5
420
579.5
565
562
550
541.5
540.5
527
515
514.5
510
509
610.5
608
572.5
557.5
547
543
539.5
530
510.5
486
454.5
592.5
585
567.5
556.5
556
536
535.5
526
519
492.5
460
624
573
548
546.5
532.5
525.5
520.5
518.5
506.5
498.5
447
626.5
602.5
568.5
550
527
498.5
491.5
488
471.5
452
433
588
558.5
557.5
555
535
532.5
531
527
475.5
468
450.5
638
608
551
527.5
522
514.5
507.5
498.5
469.5
466.5
459
599.5
593
575.5
557
551
547
545.5
502.5
485
467.5
452
591
584.5
557.5
556
553
535
534.5
509.5
499
498.5
498
614
579.5
569
566
536.5
534.5
534.5
534.5
529
474.5
417
620
594
592
582
526
502.5
496.5
485
470
458
401.5
572.5
551
548
536
530
524
522.5
497
474.5
467.5
458.5
656
596.5
594
538
537
523
498.5
492
491.5
481
460.5
584
579
572
567.5
560
559
543
528
486.5
475.5
433.5
584
578
572
559.5
538
537
534.5
531
530.5
518.5
505
604.5
592
578.5
571
535
530
518.5
498
489
486.5
444.5
600.5
596
592.5
550
506
503
498.5
498.5
497
462
444.5
658.5
616.5
599
561
546
543
502.5
498
493
491
482.5
624
600
591
566.5
556
534.5
515.5
512
511
510
439.5
600.5
584.5
584
572.5
572
544
534
533
527.5
521
504
658.5
592
585
557
546
540.5
525.5
523
499
492.5
491
625.5
576
561.5
557
551.5
545.5
528.5
512
510
497
492
624
606
563
530.5
526.5
526.5
519
494.5
486.5
474.5
468
577.5
573
571
566.5
562
562
557
556.5
513.5
486.5
432
617.5
612.5
588.5
572
545.5
533
529.5
519.5
507
496
455.5
604
600.5
572.5
568
559.5
538.5
536
526
525.5
515.5
505
600
586
559.5
559.5
550
540
527
522.5
515
482.5
464.5
647.5
584
584
579
577.5
520
507.5
494.5
483
478
441.5
586
584
578
571
557.5
539.5
529.5
506.5
503.5
489.5
469
630
580.5
572.5
569
540.5
536.5
515
507
491.5
468
467.5
585.5
579
577.5
573
559.5
547.5
542
542
519
518.5
504.5
600
593.5
592
591.5
540.5
537.5
522.5
497
497
482.5
448.5
631.5
612
576
575.5
559.5
557
556.5
526
518.5
494.5
462.5
592.5
572
547
543
540.5
538
537.5
536.5
510
491
487
608
589
576.5
572.5
532
531
510.5
505.5
502.5
495
483.5
613
608
589
550.5
542
541
527.5
527
526
504.5
497.5
610.5
600
584
530.5
529
523.5
514
506
502.5
497
494.5
606.5
601
600.5
594
571
560.5
535.5
521.5
518.5
487.5
478.5
